0.5043613798572566
0.3439111816019047
0.550447581284695
0.4043837034099922
0.5285796193497214
0.2930576130055514
0.3417067406819982
0.2664589214908808
0.40537188739095925
0.5300655828707358
0.26147085646312485
0.44642450436161846
0.4427735130848526
0.3670093576526568
0.46377315622521864
0.401086439333863
0.33956344171292635
0.5463708564631241
0.12633116574147468
0.2149250198255354
0.7130277557494078
0.3953283108643941
0.5584616177636818
0.3646819984139576
0.40624900872323566
0.3717985329103879
0.39902700237906474
0.2840971054718474
0.4620777954004758
0.2507451229183187
0.4012841792228393
0.2500970658207768
0.2856311657414752
0.38493477398889797
0.40529314036479014
0.3363921094369546
0.0
1.0
